start=1221.137000
volume=101.000000
