start=667.375000
volume=87.000000
