start=9235.366000
volume=99.000000
fullscreen=yes
aid=1
sid=no
