start=666.791000
volume=91.000000
fullscreen=yes
