start=1312.520000
volume=95.000000
