start=672.755000
volume=99.000000
fullscreen=yes
