start=1905.195000
volume=84.000000
fullscreen=yes
