start=3444.007233
volume=100.000000
