start=121.544103
volume=70.000000
