start=65.774000
pause=yes
volume=100.000000
