start=6837.372000
volume=100.000000
aid=2
