start=6800.835000
volume=100.000000
