start=114.876921
volume=45.000000
