start=117.830294
pause=yes
volume=45.000000
