start=1313.687000
volume=91.000000
