start=1432.348000
volume=100.000000
