start=8726.666667
volume=95.000000
