start=1311.101000
volume=100.000000
