start=4193.697692
volume=130.000000
