start=50.900000
pause=yes
volume=95.000000
