start=667.625000
volume=91.000000
fullscreen=yes
