start=668.501000
volume=93.000000
