start=7790.192875
volume=95.000000
fullscreen=yes
