start=152.715000
volume=93.000000
aid=1
