start=217.426000
volume=100.000000
