start=5856.517000
volume=91.000000
fullscreen=yes
