start=1314.104000
volume=100.000000
