start=668.209000
volume=95.000000
