start=34.244718
pause=yes
volume=40.000000
