start=6113.732000
volume=99.000000
