start=1311.310000
volume=100.000000
