start=676.467000
pause=yes
volume=99.000000
