start=10658.614633
volume=100.000000
