start=7338.264267
volume=100.000000
