start=29.976745
volume=35.000000
