start=29.867000
volume=85.000000
