start=179.733867
volume=85.000000
