start=670.962000
volume=99.000000
