start=3480.894000
pause=yes
volume=100.000000
