start=1409.533000
pause=yes
volume=100.000000
