start=1308.432000
volume=100.000000
