start=1338.712000
volume=100.000000
