start=1648.313000
pause=yes
volume=80.000000
