start=1311.292000
volume=100.000000
