start=677.719000
volume=97.000000
