start=675.175000
volume=91.000000
fullscreen=yes
