start=1399.106000
volume=100.000000
fullscreen=yes
