start=750.375000
volume=100.000000
