start=667.709000
volume=87.000000
fullscreen=yes
