start=1649.773000
volume=100.000000
fullscreen=yes
