start=2824.322000
volume=100.000000
