start=1313.417000
volume=100.000000
