start=124.600000
volume=100.000000
aid=1
