start=1654.403000
volume=100.000000
fullscreen=yes
