start=1309.767000
volume=95.000000
