start=2670.042000
volume=100.000000
fullscreen=yes
aid=1
