start=6383.210000
pause=yes
volume=65.000000
sid=2
