start=670.295000
volume=95.000000
fullscreen=yes
