start=633.592000
volume=100.000000
