start=1316.066000
volume=80.000000
