start=1074.491000
volume=99.000000
fullscreen=yes
