start=1602.059000
volume=65.000000
fullscreen=yes
