start=6.668821
volume=75.000000
