start=676.426000
volume=89.000000
fullscreen=yes
